4,3
4,2
4,1
4,0
3,6
3,5
3,4
3,3
3,2
3,1
3,0
2,8
2,6
2,3
2,2
2,1
2,0
1,5
1,3
1,2
1,1
1,0
0,315
0,314
0,313
0,312
0,311
0,309
0,301
0,243
380,1
380,3
0,479
380,0
373,1
373,3
0,424
0,470
373,0
0,9
0,310
0,305
0,356
0,326
0,441
0,476
0,308
0,304
0,303
0,302
0,307
0,443
0,12
0,438
0,10
0,475
0,8
0,0
0,386
0,300
0,457
0,299
0,488
0,298
0,410
0,297
0,416
0,296
0,478
0,295
0,487
0,294
0,293
0,361
0,292
0,429
0,291
0,339
0,290
0,427
0,289
0,372
0,288
0,346
0,287
0,345
0,286
0,415
0,285
0,407
0,284
0,460
0,283
0,508
0,282
0,466
0,281
0,337
0,280
0,454
0,279
0,383
0,278
0,382
0,277
0,381
0,276
0,333
0,275
0,406
0,274
0,360
0,273
0,380
0,272
0,455
0,271
0,376
0,270
0,426
0,269
0,405
0,268
0,267
0,391
0,266
0,404
0,265
0,456
0,264
0,385
0,263
0,465
0,262
0,402
0,261
0,469
0,260
0,423
0,259
0,306
0,258
0,401
0,257
0,384
0,256
0,336
0,255
0,332
0,254
0,474
0,253
0,507
0,252
0,367
0,251
0,421
0,250
0,399
0,249
0,403
0,248
0,331
0,247
0,316
0,246
0,464
0,245
0,359
0,244
0,414
0,242
0,505
0,241
0,506
0,240
0,398
0,239
0,335
0,238
0,504
0,237
0,502
0,236
0,425
0,235
0,501
0,234
0,233
0,397
0,232
0,468
0,231
0,400
0,230
0,430
0,229
0,352
0,228
0,494
0,227
0,350
0,226
0,477
0,225
0,499
0,224
0,395
0,223
0,396
0,222
0,390
0,221
0,338
0,220
0,413
0,219
0,394
0,218
0,503
0,217
0,473
0,216
0,511
0,215
0,500
0,214
0,347
0,213
0,412
0,212
0,493
0,211
0,334
0,210
0,343
0,209
0,330
0,208
0,472
0,207
0,351
0,206
0,492
0,205
0,349
0,204
0,389
0,203
0,344
